# Created by Octave 3.8.1, Thu Aug 27 23:50:41 2015 BST <rob@crashoverride>
# name: t
# type: matrix
# rows: 1
# columns: 50
 0.04557843237149618 0.01413246301856362 0.1393823864117738 0.0777109330085725 0.1240435154064883 0.09257705634516601 0.08359772479013261 0.06573190071177867 0.1931603769744427 0.02519004948964495 0.1134814490055208 0.01257212044566495 0.08241778415350089 0.1902896480347107 0.1835039215251183 0.05761146832155731 0.1575144802489595 0.1650144055368498 0.01696961893320726 0.133280444601331 0.1687754739403299 0.07059451820325717 0.1459611918574621 0.1295982161453805 0.01193607943635987 0.03807957452375885 0.07575272096266056 0.05356090144879345 0.182592396489933 0.008116242302216267 0.1942740483387764 0.09142447472430035 0.09896539045360359 0.1920541306698545 0.1929573701713085 0.06886641198015191 0.1780998179963805 0.1708631717609972 0.07309021023331232 0.03575054884198187 0.1382315571243969 0.1411733518803792 0.08916020201806804 0.153880413007645 0.1071786228975421 0.1378513312753049 0.05396733396491576 0.1429842944368188 0.06949684876756455 0.1619789585919324


