# Created by Octave 3.8.1, Thu Aug 27 23:50:28 2015 BST <rob@crashoverride>
# name: X
# type: matrix
# rows: 1
# columns: 50
 3.308109874680687 3.078213995655329 4.513208551456254 3.627731363728506 4.256492497766501 3.806767008789275 3.696176508396608 3.498097673987441 5.634464373750574 3.150110182971982 4.094370223255272 3.068831143860817 3.682202780157272 5.565095536675731 5.405656907246031 3.417386173145251 4.851055789034427 5.002293688221815 3.095755216573452 4.407990993354161 5.080771508236008 3.549180714384216 4.631358502360754 4.346488628444662 3.065060041923101 3.246091816368989 3.605662945129429 3.379240505849517 5.38471764194325 3.043062941971258 5.661687075277742 3.792147188773314 3.890105159524428 5.607596135730261 5.629520904347193 3.530787780032026 5.283141456593191 5.125106761682667 3.576211403732954 3.227762772322593 4.493046017934741 4.54488375358262 3.763792504803623 4.780240482882897 4.003094194318177 4.486417187451268 3.383005210389485 4.577282854584377 3.537467160109327 4.940247877626132


