# Created by Octave 3.8.1, Thu Aug 27 23:50:36 2015 BST <rob@crashoverride>
# name: Y
# type: matrix
# rows: 1
# columns: 50
 2.848370112879501 2.936771726623616 3.003786020448006 2.83091991585114 2.934987357841974 2.847580763624223 2.835642831241235 2.828880978525927 3.38824891317321 2.897543157180315 2.897675526739523 2.943027126090664 2.834499466509958 3.361819770758498 3.302091581027317 2.833270987977365 3.107949724615847 3.158451986935962 2.925855341158846 2.974324857009064 3.185445548771868 2.82848503304411 3.038683014870949 2.957887682293356 2.945628379392216 2.86299117067448 2.829892655188941 2.837206247400442 3.294359398489655 2.961878240265239 3.398689475287871 2.845727884735142 2.85956718169239 3.377981970999005 3.38635707412935 2.828434230406436 3.257247002871969 3.20091474741473 2.828931106777969 2.868350371633909 2.99801654029009 3.012962606624062 2.842363014674006 3.085055245639476 2.879266778050807 2.996132170298231 2.836758886334299 3.022487220031388 2.828428297539298 3.137481245141325


